0 2 255
1 3 255
2 4 253
3 6 252
5 7 251
6 8 250
7 9 249
8 10 248
9 11 247
10 12 245
11 13 244
13 14 243
14 15 242
15 17 241
16 18 240
17 19 239
18 20 237
19 21 236
21 22 235
22 23 234
23 24 233
24 25 232
25 26 230
26 27 229
27 28 228
28 30 227
30 31 226
31 32 225
32 33 224
33 34 222
34 35 221
35 36 220
36 37 219
38 38 218
39 39 217
40 41 215
41 42 214
42 43 213
43 44 212
44 45 211
46 46 210
47 47 209
48 48 207
49 49 206
50 50 205
51 51 204
52 52 203
54 54 202
55 55 201
56 56 199
57 57 198
58 58 197
59 59 196
60 60 195
62 61 194
63 62 192
64 63 191
65 65 190
66 66 189
67 67 188
68 68 187
70 69 186
71 70 184
72 71 183
73 72 182
74 73 181
74 73 180
75 74 179
76 75 178
76 76 177
77 76 176
78 77 175
78 78 174
79 78 173
80 79 172
80 80 171
81 80 170
82 81 169
82 82 168
83 83 167
84 83 166
85 84 165
85 85 164
86 85 163
87 86 162
87 87 161
88 88 160
89 88 159
89 89 158
90 90 157
91 90 156
91 91 155
92 92 154
93 92 153
94 93 152
94 94 151
95 95 150
96 95 149
96 96 147
97 97 146
98 97 145
98 98 144
99 99 143
100 99 142
100 100 141
101 101 140
102 102 139
103 102 138
103 103 137
104 104 136
105 104 135
105 105 134
106 106 133
107 106 132
107 107 131
108 108 130
109 109 129
109 109 128
110 110 127
111 111 126
112 111 125
112 112 124
113 113 123
114 114 122
114 114 121
115 115 120
116 116 119
116 116 118
117 117 118
118 118 119
119 119 120
119 120 120
120 120 121
121 121 122
122 122 123
123 123 124
123 124 124
124 125 125
125 125 126
126 126 127
127 127 128
127 128 129
128 129 129
129 129 130
130 130 131
131 131 132
131 132 133
132 133 134
133 134 134
134 134 135
135 135 136
135 136 137
136 137 138
137 138 138
138 139 139
139 139 140
139 140 141
140 141 142
141 142 143
142 143 143
143 143 144
143 144 145
144 145 146
145 146 147
146 147 148
147 148 148
147 148 149
148 149 150
149 150 151
150 151 152
151 152 152
151 153 153
152 153 154
153 154 155
154 155 156
155 156 157
155 157 157
156 157 158
157 158 159
158 159 160
159 160 161
159 161 162
160 162 162
161 162 163
162 163 164
163 164 165
163 165 166
164 166 166
165 167 167
166 167 168
167 168 169
167 169 170
169 170 171
170 172 172
171 173 174
173 174 175
174 176 176
176 177 178
177 178 179
178 180 180
180 181 181
181 182 183
183 184 184
184 185 185
185 187 187
187 188 188
188 189 189
189 191 191
191 192 192
192 193 193
194 195 195
195 196 196
196 197 197
198 199 198
199 200 200
201 201 201
202 203 202
203 204 204
205 206 205
206 207 206
207 208 208
209 210 209
210 211 210
212 212 212
213 214 213
214 215 214
216 216 215
217 218 217
218 219 218
220 220 219
221 222 221
223 223 222
224 225 223
225 226 225
227 227 226
228 229 227
230 230 229
231 231 230
232 233 231
234 234 233
235 235 234
236 237 235
238 238 236
239 239 238
241 241 239
242 242 240
243 244 242
245 245 243
246 246 244
247 248 246
249 249 247
250 250 248
252 252 250
253 253 251
254 254 252
255 255 253
