0 0 0
1 1 1
2 2 2
3 3 3
4 4 4
5 5 5
6 6 6
7 7 7
8 8 8
9 9 9
10 10 10
11 11 11
12 12 12
13 13 13
14 14 14
15 15 15
16 16 16
17 16 17
18 17 18
19 18 19
20 19 20
21 20 21
22 21 22
23 22 23
24 23 24
25 24 25
26 25 26
27 26 27
28 27 28
29 28 29
30 29 30
31 30 31
32 31 32
33 32 33
34 33 34
35 34 35
36 35 36
37 36 37
38 37 38
39 38 39
40 39 40
41 40 41
42 41 42
43 42 43
44 43 44
45 44 45
46 45 46
47 46 47
48 47 48
49 48 49
50 48 50
51 49 51
52 50 52
53 51 53
54 52 54
55 53 55
56 54 56
57 55 57
58 56 58
59 57 59
60 58 60
61 59 61
62 60 62
63 61 63
63 62 64
64 62 65
65 63 66
65 64 67
66 64 68
66 65 69
67 65 70
67 66 71
68 66 72
68 67 73
69 67 74
69 68 75
70 68 76
70 69 77
71 69 78
71 70 79
72 70 80
72 71 81
73 71 82
73 72 83
74 72 84
74 73 86
75 73 87
75 74 88
76 74 89
76 75 90
77 76 91
77 76 92
78 77 93
78 77 94
79 78 95
79 78 96
80 79 97
80 79 98
81 80 99
81 80 100
82 81 101
82 81 102
83 82 103
83 82 104
84 83 105
84 83 106
85 84 107
85 84 108
86 85 109
86 85 111
87 86 112
87 86 113
88 87 114
88 87 115
89 88 116
89 89 117
90 89 118
90 90 119
91 90 120
91 91 121
92 91 122
93 92 123
93 92 124
94 93 125
94 93 126
95 94 127
95 94 128
96 95 129
96 95 130
97 96 131
97 96 133
97 97 134
98 97 135
98 98 136
99 98 137
99 99 138
100 99 139
100 100 140
101 100 141
101 101 142
102 101 143
102 102 145
103 102 146
103 103 147
104 103 148
104 104 149
105 104 150
105 105 151
106 105 152
106 106 153
106 106 154
107 107 155
107 107 157
108 108 158
108 108 159
109 109 160
109 109 161
110 110 162
110 110 163
111 111 164
111 111 165
112 112 166
112 112 167
113 113 169
113 113 170
114 114 171
114 114 172
114 115 173
115 115 174
115 116 175
116 116 176
116 117 177
117 117 178
117 118 179
118 118 181
118 119 182
119 119 183
119 120 184
120 120 185
120 121 186
121 121 187
121 122 188
122 122 189
122 123 190
123 123 191
123 124 193
123 124 194
124 125 195
124 125 196
125 126 197
125 126 198
126 127 199
124 125 200
122 123 201
121 121 202
119 119 203
117 117 204
115 115 204
113 113 205
111 111 206
109 109 207
107 107 208
105 105 209
103 103 210
101 101 211
99 99 212
97 97 212
95 95 213
93 93 214
91 91 215
89 89 216
87 87 217
85 85 218
83 83 219
81 82 219
79 80 220
77 78 221
75 76 222
73 74 223
71 72 224
69 70 225
67 68 226
65 66 227
63 64 227
61 62 228
59 60 229
57 58 230
55 56 231
53 54 232
51 52 233
49 50 234
47 48 235
45 46 235
43 44 236
41 42 237
40 40 238
38 38 239
36 36 240
34 34 241
32 32 242
30 30 243
28 28 243
26 26 244
24 24 245
22 22 246
20 20 247
18 18 248
16 16 249
14 14 250
12 12 250
10 10 251
8 8 252
6 6 253
4 4 254
2 2 255
0 0 255
