0 0 0
4 4 4
7 7 7
11 11 11
14 14 14
18 18 18
21 21 21
25 25 25
29 28 28
32 32 32
36 35 36
39 39 39
43 42 43
46 46 46
50 50 50
53 53 53
57 57 57
61 60 60
64 64 64
68 67 67
71 71 71
75 74 75
78 78 78
82 81 82
86 85 85
89 88 89
93 92 92
96 96 96
100 99 99
103 103 103
107 106 107
110 110 110
114 113 114
118 117 117
121 120 121
125 124 124
128 127 128
132 131 131
135 134 135
139 138 139
143 142 142
146 145 146
150 149 149
153 152 153
157 156 156
160 159 160
164 163 163
167 166 167
171 170 170
175 173 174
178 177 178
182 181 181
185 184 185
189 188 188
192 191 192
196 195 195
200 198 199
203 202 202
207 205 206
210 209 210
214 212 213
217 216 217
221 219 220
225 223 224
227 226 226
227 226 227
228 226 227
228 226 227
228 227 227
228 227 227
228 227 228
229 227 228
229 227 228
229 228 228
229 228 229
229 228 229
230 228 229
230 229 229
230 229 229
230 229 230
230 229 230
231 229 230
231 230 230
231 230 230
231 230 231
231 230 231
231 230 231
232 231 231
232 231 231
232 231 232
232 231 232
232 232 232
233 232 232
233 232 232
233 232 233
233 232 233
233 233 233
234 233 233
234 233 233
234 233 234
234 234 234
234 234 234
235 234 234
235 234 234
235 234 235
235 235 235
235 235 235
236 235 235
236 235 236
236 236 236
236 236 236
236 236 236
237 236 236
237 236 237
237 237 237
237 237 237
237 237 237
238 237 237
238 237 238
238 238 238
238 238 238
238 238 238
238 238 238
239 239 239
239 239 239
239 239 239
239 239 239
239 239 239
240 240 240
240 240 240
240 240 240
240 240 240
240 240 240
240 240 240
240 241 241
241 241 241
241 241 241
241 241 241
241 241 241
241 241 241
241 242 242
242 242 242
242 242 242
242 242 242
242 242 242
242 242 242
242 242 242
242 243 243
243 243 243
243 243 243
243 243 243
243 243 243
243 243 243
243 244 244
243 244 244
244 244 244
244 244 244
244 244 244
244 244 244
244 245 245
244 245 245
244 245 245
245 245 245
245 245 245
245 245 245
245 245 245
245 246 246
245 246 246
245 246 246
246 246 246
246 246 246
246 246 246
246 247 247
246 247 247
246 247 247
246 247 247
247 247 247
247 247 247
247 248 248
247 248 248
247 248 248
247 248 248
247 248 248
248 248 248
248 248 248
248 249 249
248 249 249
248 249 249
248 249 249
248 249 249
249 249 249
249 250 250
249 250 250
249 250 250
249 250 250
249 250 250
249 250 250
249 250 250
250 250 250
250 250 250
250 250 250
250 251 251
250 251 251
250 251 251
250 251 251
250 251 251
250 251 251
251 251 251
251 251 251
251 251 251
251 251 251
251 252 252
251 252 252
251 252 252
251 252 252
251 252 252
252 252 252
252 252 252
252 252 252
252 252 252
252 252 252
252 252 252
252 253 253
252 253 253
252 253 253
253 253 253
253 253 253
253 253 253
253 253 253
253 253 253
253 253 253
253 253 253
253 254 254
253 254 254
253 254 254
254 254 254
254 254 254
254 254 254
254 254 254
254 254 254
254 254 254
254 254 254
254 255 255
254 255 255
255 255 255
255 255 255
255 255 255
255 255 255
255 255 255
255 255 255
255 255 255
255 255 255
255 255 255
255 255 255
255 255 255
255 255 255
